"Status","Start Time","Stop Time","Duration in ms","Parent Suite","Suite","Sub Suite","Test Class","Test Method","Name","Description"
"passed","Wed Mar 01 18:13:45 GMT 2023","Wed Mar 01 18:13:51 GMT 2023","5387","","","","","","Update the Due Date of an item succesfully",""
"passed","Wed Mar 01 18:16:05 GMT 2023","Wed Mar 01 18:16:10 GMT 2023","5544","","","","","","View Less Options Successfully",""
"passed","Wed Mar 01 18:18:29 GMT 2023","Wed Mar 01 18:18:34 GMT 2023","5128","","","","","","Update time zone succesfully",""
"passed","Wed Mar 01 18:12:57 GMT 2023","Wed Mar 01 18:13:04 GMT 2023","6082","","","","","","Postpone the Due Date of an item succesfully",""
"passed","Wed Mar 01 18:18:35 GMT 2023","Wed Mar 01 18:18:38 GMT 2023","3663","","","","","","Login into the site succesfully",""
"passed","Wed Mar 01 18:18:02 GMT 2023","Wed Mar 01 18:18:07 GMT 2023","4521","","","","","","View account settings succesfully",""
"passed","Wed Mar 01 18:16:19 GMT 2023","Wed Mar 01 18:16:54 GMT 2023","34324","","","","","","Delete a pending item succesfully",""
"passed","Wed Mar 01 18:12:43 GMT 2023","Wed Mar 01 18:12:49 GMT 2023","6210","","","","","","Postpone the Due Date of an item succesfully",""
"broken","Wed Mar 01 18:16:00 GMT 2023","Wed Mar 01 18:16:04 GMT 2023","4177","","","","","","Successfully addition of an item above or below an existing item",""
"passed","Wed Mar 01 18:12:20 GMT 2023","Wed Mar 01 18:12:26 GMT 2023","6466","","","","","","Postpone the Due Date of an item succesfully",""
"passed","Wed Mar 01 18:14:02 GMT 2023","Wed Mar 01 18:14:07 GMT 2023","4185","","","","","","Place item priority",""
"passed","Wed Mar 01 18:13:39 GMT 2023","Wed Mar 01 18:13:44 GMT 2023","5211","","","","","","Update the Due Date of an item succesfully",""
"passed","Wed Mar 01 18:13:33 GMT 2023","Wed Mar 01 18:13:38 GMT 2023","5202","","","","","","Update the Due Date of an item succesfully",""
"passed","Wed Mar 01 18:18:38 GMT 2023","Wed Mar 01 18:18:42 GMT 2023","3939","","","","","","Logout off the site succesfully",""
"passed","Wed Mar 01 18:12:27 GMT 2023","Wed Mar 01 18:12:34 GMT 2023","6501","","","","","","Postpone the Due Date of an item succesfully",""
"failed","Wed Mar 01 18:14:19 GMT 2023","Wed Mar 01 18:15:53 GMT 2023","94147","","","","","","Place item priority",""
"passed","Wed Mar 01 18:17:04 GMT 2023","Wed Mar 01 18:17:09 GMT 2023","4375","","","","","","Add a project below",""
"passed","Wed Mar 01 18:14:13 GMT 2023","Wed Mar 01 18:14:18 GMT 2023","4356","","","","","","Place item priority",""
"passed","Wed Mar 01 18:12:50 GMT 2023","Wed Mar 01 18:12:56 GMT 2023","6067","","","","","","Postpone the Due Date of an item succesfully",""
"passed","Wed Mar 01 18:14:08 GMT 2023","Wed Mar 01 18:14:12 GMT 2023","4294","","","","","","Place item priority",""
"broken","Wed Mar 01 18:15:54 GMT 2023","Wed Mar 01 18:15:58 GMT 2023","4457","","","","","","Successfully addition of an item above or below an existing item",""
"passed","Wed Mar 01 18:18:19 GMT 2023","Wed Mar 01 18:18:24 GMT 2023","4730","","","","","","Update password succesfully",""
"passed","Wed Mar 01 18:13:05 GMT 2023","Wed Mar 01 18:13:11 GMT 2023","5952","","","","","","Postpone the Due Date of an item succesfully",""
"broken","Wed Mar 01 18:16:15 GMT 2023","Wed Mar 01 18:16:19 GMT 2023","3700","","","","","","Create an Item Successfully",""
"passed","Wed Mar 01 18:13:52 GMT 2023","Wed Mar 01 18:13:56 GMT 2023","4214","","","","","","Checking and unchecking an Item in a Project successfully",""
"passed","Wed Mar 01 18:12:35 GMT 2023","Wed Mar 01 18:12:42 GMT 2023","6445","","","","","","Postpone the Due Date of an item succesfully",""
"passed","Wed Mar 01 18:13:12 GMT 2023","Wed Mar 01 18:13:18 GMT 2023","6114","","","","","","Postpone the Due Date of an item succesfully",""
"passed","Wed Mar 01 18:17:09 GMT 2023","Wed Mar 01 18:17:13 GMT 2023","4140","","","","","","Create a new project",""
"passed","Wed Mar 01 18:13:19 GMT 2023","Wed Mar 01 18:13:25 GMT 2023","6059","","","","","","Postpone the Due Date of an item succesfully",""
"passed","Wed Mar 01 18:18:14 GMT 2023","Wed Mar 01 18:18:19 GMT 2023","5277","","","","","","Update full name succesfully",""
"passed","Wed Mar 01 18:17:57 GMT 2023","Wed Mar 01 18:18:02 GMT 2023","4880","","","","","","Empty the recycle bin succesfully",""
"passed","Wed Mar 01 18:18:07 GMT 2023","Wed Mar 01 18:18:13 GMT 2023","6283","","","","","","Update email succesfully",""
"passed","Wed Mar 01 18:17:48 GMT 2023","Wed Mar 01 18:17:52 GMT 2023","4018","","","","","","Change a project image",""
"passed","Wed Mar 01 18:17:53 GMT 2023","Wed Mar 01 18:17:57 GMT 2023","4433","","","","","","Edit a project",""
"passed","Wed Mar 01 18:17:14 GMT 2023","Wed Mar 01 18:17:48 GMT 2023","34080","","","","","","Delete a project",""
"passed","Wed Mar 01 18:16:59 GMT 2023","Wed Mar 01 18:17:04 GMT 2023","4553","","","","","","Add a project above",""
"passed","Wed Mar 01 18:13:57 GMT 2023","Wed Mar 01 18:14:01 GMT 2023","4291","","","","","","Checking and unchecking an Item in a Project successfully",""
"broken","Wed Mar 01 18:16:54 GMT 2023","Wed Mar 01 18:16:59 GMT 2023","4380","","","","","","Update a name of an item succesfully",""
"passed","Wed Mar 01 18:18:25 GMT 2023","Wed Mar 01 18:18:29 GMT 2023","4266","","","","","","View profile settings succesfully",""
"passed","Wed Mar 01 18:16:11 GMT 2023","Wed Mar 01 18:16:14 GMT 2023","3812","","","","","","View More Options Successfully",""
"passed","Wed Mar 01 18:12:10 GMT 2023","Wed Mar 01 18:12:18 GMT 2023","8150","","","","","","Postpone the Due Date of an item succesfully",""
"passed","Wed Mar 01 18:13:26 GMT 2023","Wed Mar 01 18:13:32 GMT 2023","5228","","","","","","Update the Due Date of an item succesfully",""
